---
Left_Camera_param: 
  width: 640
  height: 400
  focal_length: 
  - [246.134]
  - [246.265]
  principal_point:
  - [325.504]
  - [178.694]
  TSC: # Original
  - [-0.999862, 0.015685, -0.00548, 0.059967] 
  - [-0.015639, -0.999843, -0.00827, 0.000127837]
  - [-0.005609, -0.008183, 0.999951, -0.002]
  - [0, 0, 0, 1]
  R:
  - [0.999972, -0.00738071, -0.00151005]
  - [0.00739075, 0.99995, 0.00675266]
  - [0.00146013, -0.00676363, 0.999976]
  P:
  - [260.939, 0, 335.412, 0] 
  - [0, 260.939, 177.973, 0]
  - [0, 0, 1, 0]
  K:
  - [246.134, 0, 325.504]
  - [0, 246.265, 178.694]
  - [0, 0, 1]
  D:
  - [0.584804]
  - [0.158016]
  - [-0.5657]
  - [0.272636]


Right_Camera_param:
  width: 640
  height: 400
  focal_length: 
  - [245.124]
  - [244.704]
  principal_point:
  - [341.197]
  - [179.214]
  TSC: # Original
  - [-0.999826, 0.00929485, -0.0161445, -0.0601272]
  - [-0.00937869, -0.999942, 0.00514829, 0.000124714]
  - [-0.0160959, 0.00529897, 0.999857, -0.002]
  - [0, 0, 0, 1]
  R:
  - [0.999959, -0.00108528, 0.00904382]
  - [0.00114638, 0.999977, -0.00675308]
  - [-0.00903628, 0.00676317, 0.999936]
  P:
  - [260.939, 0, 335.412, -31.3447]
  - [0, 260.939, 177.973, 0]
  - [0, 0, 1, 0]
  K:
  - [245.124, 0, 341.197]
  - [0, 244.704, 179.214]
  - [0, 0, 1]
  D:
  - [0.590953]
  - [0.140311]
  - [-0.490475]
  - [0.206821]

Imu_param: 
  a_max: 176
  g_max: 30
  sigma_g_c: 0.12
  sigma_a_c: 0.009
  sigma_bg: 0.1
  sigma_ba: 0.001
  sigma_gw_c: 4e-05
  sigma_aw_c: 4e-05
  tau: 3600
  g: 9.802
  a0:
  - [0]
  - [0]
  - [0]
  - [8.71715e-312] 
  T_BS:
  - [1,0,0,0]
  - [0,1,0,0]
  - [0,0,1,0]
  - [0,0,0,1] 
  Acc:
  - [-0.001758, 0.99919, 0.007456, 0.000844]
  - [-0.006871, -0.007531, 0.99823, -0.000757]
  - [-0.006893, -0.001809, 0.000102, 0.997893]
  Gyr:
  - [-1.3232, 0.999148, 0.005777, 0.000347]
  - [0.039052, -0.0089, 1.00016, 0.00018]
  - [0.226183, -0.001899, -0.001381, 1.00147]
...



