# 这个相机参数的设置和ROS中的sensor_img/CameraInfo是一样的
Left Camera param: 
  width: 640
  height: 400
  focal_length: 
  - [244.659]
  - [245.025]
  principal_point:
  - [319.098]
  - [188.968]
  TSC: # Original
  - [-0.999493, -0.016989, 0.026914, 0.0600054]
  - [0.016921, -0.999853, -0.002742, 6.61905e-05]
  - [0.026957, -0.002285, 0.999634,-0.002]
  - [0, 0, 0, 1]
  # TSC: # By ZPF
  # - [0.999493, 0.016989, -0.026914, -0.0600054]
  # - [-0.016921, 0.999853, 0.002742, -6.61905e-05]
  # - [0.026957, -0.002285, 0.999634,-0.002]
  # - [0, 0, 0, 1]
  R:
  - [0.999969, -0.00412061, -0.00677276]
  - [0.00411288, 0.999991, -0.00115495]
  - [0.00677745, 0.00112706, 0.999976]
  P:
  - [259.851, 0, 317.548, 0]
  - [0, 259.851, 200.492, 0]
  - [0, 0, 1, 0]
  K:
  - [244.659, 0, 319.098]
  - [0, 245.025, 188.968]
  - [0, 0, 1]
  D:
  - [0.57707]
  - [0.14428]
  - [-0.488731]
  - [0.206743]


Right Camera param:
  width: 640
  height: 400
  focal_length: 
  - [243.289]
  - [243.319]
  principal_point:
  - [310.056]
  - [212.053]
  TSC: # Original
  - [-0.999295, -0.0216254, 0.0306617, -0.0599403]
  - [0.021478, -0.999756, -0.00511976, -7.23153e-05]
  - [0.0307653, -0.0044574, 0.999517, -0.002]
  - [0, 0, 0, 1]
  # TSC: # By ZPF
  # - [0.999295, 0.0216254, -0.0306617, 0.0599403]
  # - [-0.021478, 0.999756, 0.00511976, 7.23153e-05]
  # - [0.0307653, -0.0044574, 0.999517, -0.002]
  # - [0, 0, 0, 1]
  R:
  - [0.999944, 0.000471974, -0.0105713]
  - [-0.000459911, 0.999999, 0.00114346]
  - [0.0105718, -0.00113854, 0.999943]
  P:
  - [259.851, 0, 317.548, -31.2829]
  - [0, 259.851, 200.492, 0]
  - [0, 0, 1, 0]
  K:
  - [243.289, 0, 310.056]
  - [0, 243.319, 212.053]
  - [0, 0, 1]
  D:
  - [0.592766]
  - [0.210347]
  - [-0.723722]
  - [0.406021]


Imu param: 
  a_max: 176
  g_max: 30
  sigma_g_c: 0.12
  sigma_a_c: 0.009
  sigma_bg: 0.1
  sigma_ba: 0.001
  sigma_gw_c: 4e-05
  sigma_aw_c: 4e-05
  tau: 3600
  g: 9.802
  a0:
  - [0]
  - [0]
  - [0]
  - [1.06756e-311] 
  T_BS:
  - [1,0,0,0]
  - [0,1,0,0]
  - [0,0,1,0]
  - [0,0,0,1] 
  Acc:
  - [-0.002153, 0.998833, -0.001145, 0.009259]
  - [-0.014607, 0.00102, 0.997439, 0.002728]
  - [0.01575, -0.009726, -0.006112, 0.998222]
  Gyr:
  - [0.086306, 1.00252, -0.004256, 0.007888]
  - [0.258929, 0.000251, 1.0005, 0.002344]
  - [0.20293, -0.008971, -0.006089, 1.00038]

